1 0.159296875 0.3822511327433628 0.1525 0.19716899999999993
1 0.3121875 0.504452418879056 0.14250000000000002 0.10471700000000002
1 0.33625 0.6989924277286136 0.188125 0.18301899999999993
1 0.382578125 0.34605639528023596 0.06687500000000002 0.22641500000000012
1 0.450625 0.8164915339233038 0.12687500000000002 0.13867900000000008
1 0.4995703125 0.3542413539823009 0.08875000000000005 0.18773599999999996
1 0.62234375 0.38456302654867264 0.11750000000000005 0.2415099999999999
1 0.65453125 0.7816131740412979 0.13437500000000002 0.23490600000000011
1 0.721640625 0.38077620648967553 0.11375000000000002 0.19339600000000004
1 0.8311328125 0.71613197640118 0.19874999999999998 0.12169799999999996
