0 0.3640625 0.0931469343365253 0.016874999999999973 0.016636999999999992
0 0.5387109375 0.02095992339261286 0.014375000000000027 0.020140000000000005
0 0.563359375 0.027855945280437756 0.011874999999999969 0.015761999999999998
0 0.5655078125 0.5158149015047879 0.011249999999999982 0.02539400000000009
0 0.637734375 0.11815692339261286 0.013125000000000053 0.020141000000000006
0 0.63828125 0.028238956224350204 0.009375000000000022 0.012259000000000004
0 0.6986328125 0.03310994528043776 0.011249999999999982 0.014010000000000003
0 0.715859375 0.07853496716826265 0.01187500000000008 0.010508
0 0.7255078125 0.03310994528043776 0.011250000000000093 0.014010000000000003
0 0.737734375 0.03310994528043776 0.011874999999999969 0.014010000000000003
0 0.7718359375 0.03699595622435021 0.014375000000000027 0.012258999999999994
0 0.8040625 0.22142467168262653 0.078125 0.08406300000000004
0 0.790234375 0.10316194528043776 0.013124999999999942 0.014010999999999982
0 0.795234375 0.040114945280437755 0.011874999999999969 0.014009999999999998
0 0.860859375 0.6225359233926129 0.012500000000000067 0.020139999999999963
0 0.975859375 0.05023993433652531 0.013125000000000053 0.018388
1 0.5057812500000001 0.5613415512995896 0.133125 0.11296000000000007
1 0.9013671875 0.07929463885088919 0.08499999999999996 0.09194400000000001
