1 0.1433984375 0.5162513167701863 0.0925 0.07790199999999989
1 0.1748046875 0.6521850931677019 0.037500000000000006 0.11844200000000003
1 0.227109375 0.5206252049689442 0.07437500000000002 0.09936400000000001
1 0.2816796875 0.6459739130434783 0.10125 0.104928
1 0.3144921875 0.5552023167701864 0.08499999999999996 0.078696
1 0.3683203125 0.5005076894409938 0.05687499999999995 0.14467400000000002
1 0.383515625 0.6704159689440994 0.08374999999999999 0.09618500000000006
1 0.4394140625 0.6733998012422361 0.08125000000000004 0.12559599999999987
1 0.46765625 0.5947483726708075 0.04062500000000002 0.06915799999999993
1 0.530390625 0.6436883850931677 0.11375000000000002 0.11128799999999993
1 0.6271484375 0.6436883850931677 0.0618749999999999 0.11128799999999993
1 0.6294140625 0.4903736335403727 0.050000000000000044 0.15500700000000003
1 0.6910546875 0.6812493291925465 0.09999999999999998 0.12162099999999998
1 0.720390625 0.5089522732919255 0.08250000000000002 0.130366
1 0.80875 0.6709153291925466 0.09562500000000007 0.12003199999999987
1 0.8170703125 0.47869414906832297 0.05687500000000001 0.10810799999999988
1 0.92453125 0.5285742049689441 0.10312500000000002 0.09856899999999995
